/bench/competition/2022-2025/COP22to25/NurseRostering-15_c22.xml.lzma,internal_error,,,,,,,,,,,,,,,,,,,,,,,,,,,,internal_error,order-ge objective relaxation could not encode objective-variable bound cut
