2022_traveling-tppv_ttppv_circ20bnonbal,2022/traveling-tppv/ttppv.mzn,2022/traveling-tppv/circ20bnonbal.dzn,unknown,1200,,,,124,true,false,timeout,runsolver timeout
