/bench/competition/2022-2025/COP22to25/SameQueensKnights-b-70_c24.xml.lzma,unknown,19602,19602,19602,0,,,1798041,,,,,,,,,,,,,,,,,,timeout_signal,terminated_by_signal
