/bench/competition/2022-2025/COP22to25/TestScheduling-t050m10r03-1_c24.xml.lzma,unknown,,,,,,,,,,,,,,timeout_signal,terminated_by_signal
