/bench/competition/2022-2025/COP22to25/FAPP-aux-17-0300_c25.xml.lzma,unknown,0,0,0,0,0,0,3,0,0,0,0,0,0,,,,,,,,,,,,,,,objective_handling_failed,"objective cut domain has 392715810 cuts, exceeding configured maximum 4096"
